28.1 2109
24.3 2070
22.7 2021
27.8 2108
29.9 2195
31.8 2223
27.8 2120
24 2177
28.7 2201
32 2396
25.5 2264
27.9 2248
30.4 2370
25.7 2258
30.9 2269
25.3 2175
32.8 2587
31.2 2538
32 2534
32.2 2559
30.9 2511
32.2 2540
31.3 2587
29.8 2523
33.1 2570
26.8 2363
28.5 2425
29.5 2417
26.6 2338
30 2486
32.8 2627
33.9 2776
34.2 2833
35.3 2913
36 2984
34.9 2937
34.6 2882
33.3 2753
28.5 2478
33.5 2751
36.4 2989
35.6 2990
36.5 2960
35.8 2978
35.9 2979
33.5 2695
33.4 2677
34.6 2629
30.7 2213
34.3 2250
35 2557
36.4 2899
37.3 3000
36.6 3095
35.8 3090
36.8 3083
35.7 3075
35 3003
35 2964
36.2 3018
34.4 2971
35.5 3031
35.7 3007
34.2 2889
35.6 3005
35.4 2971
34.6 2861
33.3 2734
33.3 2634
33.9 2734
32.3 2705
30.7 2452
29.4 2393
28.5 2331
30.7 2340
29.8 2092
32.1 2604
33.3 2686
27.8 2000
22.6 2019
