28.3 1964
27.2 1937
22.8 1920
29.7 1962
30.1 1998
27.7 2029
27.6 1964
22.4 1930
26.3 1966
30.9 2064
28.8 1997
29.7 2108
25.8 2102
25.9 2017
22.4 1984
26.7 1953
29.4 2043
28.7 2065
27.3 1991
26.6 2020
30.8 2116
30.9 2098
26.0 2053
29.6 2079
25.4 2060
28.5 2145
32.3 2116
32.2 2211
30.7 2180
29.7 2234
31.2 2305
34.9 2537
33.4 2552
32.5 2547
31.3 2384
32.5 2327
34.1 2449
33.6 2515
35.5 2632
35.7 2673
35.8 2636
35.8 2613
36.2 2573
36.0 2650
36.7 2682
36 2634
34.4 2590
34.6 2411
34.2 2433
33.8 2477
33 2071
29.7 1948
32.3 2003
34 2206
36.5 2522
34.8 2493
34.4 2549
34.7 2589
34.5 2635
32.5 2511
34.2 2554
34.6 2554
31.3 2422
34.3 2579
34.8 2581
32.3 2353
32.5 2394
33.3 2482
31.4 2366
34.1 2494
32.0 2327
30.2 2233
32.4 2319
33.0 2439
33.9 2419
34.9 2171
27.3 2216
30.5 2226
28.4 2096
29.0 2097
